1.0 0.67 0.5 0.5 0.5 0.67 0.5 0.4 0.4 0.4 0.5 0.4 0.33 0.33 0.33 0.4 0.33 0.33 0.33 0.5 0.4 0.4 0.33 0.33 0.67 0.5 0.5 0.5 0.5 
0.67 1.0 0.8 0.8 0.8 0.5 0.4 0.33 0.33 0.33 0.4 0.33 0.29 0.29 0.29 0.33 0.29 0.29 0.29 0.4 0.33 0.33 0.29 0.29 0.5 0.4 0.4 0.4 0.4 
0.5 0.8 1.0 0.67 0.67 0.4 0.33 0.29 0.29 0.29 0.33 0.29 0.25 0.25 0.25 0.29 0.25 0.25 0.25 0.33 0.29 0.29 0.25 0.25 0.4 0.33 0.33 0.33 0.33 
0.5 0.8 0.67 1.0 0.67 0.4 0.33 0.29 0.29 0.29 0.33 0.29 0.25 0.25 0.25 0.29 0.25 0.25 0.25 0.33 0.29 0.29 0.25 0.25 0.4 0.33 0.33 0.33 0.33 
0.5 0.8 0.67 0.67 1.0 0.4 0.33 0.29 0.29 0.29 0.33 0.29 0.25 0.25 0.25 0.29 0.25 0.25 0.25 0.33 0.29 0.29 0.25 0.25 0.4 0.33 0.33 0.33 0.33 
0.67 0.5 0.4 0.4 0.4 1.0 0.8 0.67 0.67 0.67 0.8 0.67 0.57 0.57 0.57 0.67 0.57 0.57 0.57 0.8 0.67 0.67 0.57 0.57 0.5 0.4 0.4 0.4 0.4 
0.5 0.4 0.33 0.33 0.33 0.8 1.0 0.86 0.86 0.86 0.67 0.57 0.5 0.5 0.5 0.57 0.5 0.5 0.5 0.67 0.57 0.57 0.5 0.5 0.4 0.33 0.33 0.33 0.33 
0.4 0.33 0.29 0.29 0.29 0.67 0.86 1.0 0.75 0.75 0.57 0.5 0.44 0.44 0.44 0.5 0.44 0.44 0.44 0.57 0.5 0.5 0.44 0.44 0.33 0.29 0.29 0.29 0.29 
0.4 0.33 0.29 0.29 0.29 0.67 0.86 0.75 1.0 0.75 0.57 0.5 0.44 0.44 0.44 0.5 0.44 0.44 0.44 0.57 0.5 0.5 0.44 0.44 0.33 0.29 0.29 0.29 0.29 
0.4 0.33 0.29 0.29 0.29 0.67 0.86 0.75 0.75 1.0 0.57 0.5 0.44 0.44 0.44 0.5 0.44 0.44 0.44 0.57 0.5 0.5 0.44 0.44 0.33 0.29 0.29 0.29 0.29 
0.5 0.4 0.33 0.33 0.33 0.8 0.67 0.57 0.57 0.57 1.0 0.86 0.75 0.75 0.75 0.86 0.75 0.75 0.75 0.67 0.57 0.57 0.5 0.5 0.4 0.33 0.33 0.33 0.33 
0.4 0.33 0.29 0.29 0.29 0.67 0.57 0.5 0.5 0.5 0.86 1.0 0.89 0.89 0.89 0.75 0.67 0.67 0.67 0.57 0.5 0.5 0.44 0.44 0.33 0.29 0.29 0.29 0.29 
0.33 0.29 0.25 0.25 0.25 0.57 0.5 0.44 0.44 0.44 0.75 0.89 1.0 0.8 0.8 0.67 0.6 0.6 0.6 0.5 0.44 0.44 0.4 0.4 0.29 0.25 0.25 0.25 0.25 
0.33 0.29 0.25 0.25 0.25 0.57 0.5 0.44 0.44 0.44 0.75 0.89 0.8 1.0 0.8 0.67 0.6 0.6 0.6 0.5 0.44 0.44 0.4 0.4 0.29 0.25 0.25 0.25 0.25 
0.33 0.29 0.25 0.25 0.25 0.57 0.5 0.44 0.44 0.44 0.75 0.89 0.8 0.8 1.0 0.67 0.6 0.6 0.6 0.5 0.44 0.44 0.4 0.4 0.29 0.25 0.25 0.25 0.25 
0.4 0.33 0.29 0.29 0.29 0.67 0.57 0.5 0.5 0.5 0.86 0.75 0.67 0.67 0.67 1.0 0.89 0.89 0.89 0.57 0.5 0.5 0.44 0.44 0.33 0.29 0.29 0.29 0.29 
0.33 0.29 0.25 0.25 0.25 0.57 0.5 0.44 0.44 0.44 0.75 0.67 0.6 0.6 0.6 0.89 1.0 0.8 0.8 0.5 0.44 0.44 0.4 0.4 0.29 0.25 0.25 0.25 0.25 
0.33 0.29 0.25 0.25 0.25 0.57 0.5 0.44 0.44 0.44 0.75 0.67 0.6 0.6 0.6 0.89 0.8 1.0 0.8 0.5 0.44 0.44 0.4 0.4 0.29 0.25 0.25 0.25 0.25 
0.33 0.29 0.25 0.25 0.25 0.57 0.5 0.44 0.44 0.44 0.75 0.67 0.6 0.6 0.6 0.89 0.8 0.8 1.0 0.5 0.44 0.44 0.4 0.4 0.29 0.25 0.25 0.25 0.25 
0.5 0.4 0.33 0.33 0.33 0.8 0.67 0.57 0.57 0.57 0.67 0.57 0.5 0.5 0.5 0.57 0.5 0.5 0.5 1.0 0.86 0.86 0.75 0.75 0.4 0.33 0.33 0.33 0.33 
0.4 0.33 0.29 0.29 0.29 0.67 0.57 0.5 0.5 0.5 0.57 0.5 0.44 0.44 0.44 0.5 0.44 0.44 0.44 0.86 1.0 0.75 0.67 0.67 0.33 0.29 0.29 0.29 0.29 
0.4 0.33 0.29 0.29 0.29 0.67 0.57 0.5 0.5 0.5 0.57 0.5 0.44 0.44 0.44 0.5 0.44 0.44 0.44 0.86 0.75 1.0 0.89 0.89 0.33 0.29 0.29 0.29 0.29 
0.33 0.29 0.25 0.25 0.25 0.57 0.5 0.44 0.44 0.44 0.5 0.44 0.4 0.4 0.4 0.44 0.4 0.4 0.4 0.75 0.67 0.89 1.0 0.8 0.29 0.25 0.25 0.25 0.25 
0.33 0.29 0.25 0.25 0.25 0.57 0.5 0.44 0.44 0.44 0.5 0.44 0.4 0.4 0.4 0.44 0.4 0.4 0.4 0.75 0.67 0.89 0.8 1.0 0.29 0.25 0.25 0.25 0.25 
0.67 0.5 0.4 0.4 0.4 0.5 0.4 0.33 0.33 0.33 0.4 0.33 0.29 0.29 0.29 0.33 0.29 0.29 0.29 0.4 0.33 0.33 0.29 0.29 1.0 0.8 0.8 0.8 0.8 
0.5 0.4 0.33 0.33 0.33 0.4 0.33 0.29 0.29 0.29 0.33 0.29 0.25 0.25 0.25 0.29 0.25 0.25 0.25 0.33 0.29 0.29 0.25 0.25 0.8 1.0 0.67 0.67 0.67 
0.5 0.4 0.33 0.33 0.33 0.4 0.33 0.29 0.29 0.29 0.33 0.29 0.25 0.25 0.25 0.29 0.25 0.25 0.25 0.33 0.29 0.29 0.25 0.25 0.8 0.67 1.0 0.67 0.67 
0.5 0.4 0.33 0.33 0.33 0.4 0.33 0.29 0.29 0.29 0.33 0.29 0.25 0.25 0.25 0.29 0.25 0.25 0.25 0.33 0.29 0.29 0.25 0.25 0.8 0.67 0.67 1.0 0.67 
0.5 0.4 0.33 0.33 0.33 0.4 0.33 0.29 0.29 0.29 0.33 0.29 0.25 0.25 0.25 0.29 0.25 0.25 0.25 0.33 0.29 0.29 0.25 0.25 0.8 0.67 0.67 0.67 1.0 
